t,S,I,R
0,99.0,1.0,0.0
1,98.901,1.089,0.01
2,98.79329681099999,1.1858131889999999,0.02089
3,98.6761464166567,1.2911054514532752,0.03274813189
4,98.54874510608975,1.4055957075056895,0.045659186404532745
5,98.41022541298857,1.5300594435318247,0.059715143479589644
6,98.25965191825533,1.6653323438297452,0.0750157379149079
7,98.09601694182241,1.8123139968243707,0.09166906135320535
8,97.91823615728603,1.9719716413925121,0.10979220132144905
9,97.72514417240869,2.14534390985593,0.12951191773537418
10,97.51549012951862,2.333544513647441,0.15096535683393347
11,97.28793339253124,2.5377658054983456,0.17430080197040787
12,97.04103940188007,2.7592821380945285,0.19967846002539133
13,96.77327579519634,2.9994529233973184,0.22727128140633662
14,96.4830089102057,3.259725279153982,0.2572658106403098
15,96.16850080705227,3.541636129515879,0.2898630634318496
16,95.82790697007263,3.8468136052003534,0.3252794247270084
17,95.45927487378229,4.176977565438699,0.36374756077901194
18,95.06054362422147,4.533939039345148,0.40551733643339893
19,94.62954491438224,4.919598358790926,0.4508567268268504
20,94.16400556052831,5.335941729056944,0.5000527104147596
21,93.66155191388273,5.785035958411948,0.5534121277053291
22,93.11971646814025,6.269021044570308,0.6112624872894485
23,92.53594700593706,6.790100296327797,0.6739526977351517
24,91.90761864475108,7.350527654550505,0.7418537006984296
25,91.23204915223896,7.952591870517125,0.8153589772439347
26,90.50651789982024,8.598597204230668,0.8948848959491059
27,89.7282888080422,9.290840323966409,0.9808708679914127
28,88.89463760418393,10.031583124585007,1.0737792712310767
29,88.0028836577277,10.823021239795388,1.1740951024769268
30,87.05042657873686,11.667248106388264,1.2823253148748808
31,86.0347876540758,12.566214549985439,1.3989977959387634
32,84.95365605365225,13.521684004909138,1.5246599414386177
33,83.80493956143303,14.535183657079271,1.6598767814877091
34,82.58681937353717,15.607952008404336,1.8052286180585018
35,81.29780826022824,16.740883601629218,1.9613081381425452
36,79.9368111150762,17.934471910764977,2.1287169741588374
37,78.50318662149674,19.188751685236788,2.3080616932664872
38,76.99680846691703,20.503242322964123,2.499949210118855
39,75.41812424482498,21.87689412182654,2.7049816333484964
40,73.76820992585418,23.30803949957907,2.923750574566762
41,72.04881757508913,24.794351455348327,3.1568309695625523
42,70.26241387019009,26.33281164569388,3.4047744841160354
43,68.41220695997458,27.91969043945245,3.668102600572974
44,66.50215931937234,29.55054117566017,3.9472995049674986
45,64.53698452213492,31.220210561141,4.242804916724101
46,62.52212627637277,32.92286670129174,4.555007022335511
47,60.46371864709442,34.65204566355717,4.8842356893484284
48,58.368527107546825,36.400716746469186,5.230756145984
49,56.243870885396404,38.161365801154915,5.594763313448692
50,54.09752795446587,39.926095074073906,5.976376971460241
51,51.93762491008349,41.686737167715535,6.375637922200981
52,49.77251479134144,43.43497991478043,6.792505293878136
53,47.61064661107142,45.16249829590265,7.22685509302594
54,45.46043086463208,46.86108905938296,7.678480075984967
55,43.33010556520663,48.522803468214576,8.147090966578796
56,41.22760736860912,50.14007363012994,8.632319001260942
57,39.16045209955297,51.705828162884785,9.133719737562242
58,37.1356284925126,53.213593488296304,9.65077801919109
59,35.15950825397964,54.6575777919463,10.182913954074053
60,33.237774696461166,56.03273557154532,10.729489731993516
61,31.37537125590776,57.33481165638327,11.289817087708968
62,29.576470254301185,58.56036454142601,11.863165204272802
63,27.844461374360666,59.70676977595227,12.448768849687061
64,26.181958529546318,60.772204923007095,13.045836547446584
65,24.590823180503058,61.75561822282029,13.653558596676655
66,23.072201692383032,62.65668352871211,14.271114778904858
67,21.626574052632773,63.47574433317524,14.89768161419198
68,20.253811167265372,64.21374977521089,15.532439057523732
69,18.95323800497622,64.87218543974794,16.17457655527584
70,17.723700034433726,65.45300155589295,16.82329840967332
71,16.563630668503755,65.95854090626399,17.47782842523225
72,15.471117757499002,66.39146840820611,18.13741383429489
73,14.44396753166237,66.75470394996069,18.801328518376952
74,13.479764755223403,67.05135968690004,19.468875557876558
75,12.575928200126121,67.28468264512833,20.139389154745558
76,11.729760862212716,67.45800315659045,20.812235981196842
77,10.938494616943519,67.57468937029374,21.48681601276275
78,10.19932924102493,67.63810785250939,22.162562906465684
79,9.509465909797232,67.651590105212,22.838943984990777
80,8.866135419948144,67.61840469400896,23.515459886042898
81,8.266621487050203,67.54173457996681,24.191643932982988
82,7.708279532698808,67.42465918851853,24.867061278782657
83,7.188551412276757,67.2701407170554,25.541307870667843
84,6.704976547221112,67.08101417494049,26.214009277838397
85,6.255199920414329,66.85998065999787,26.884819419587803
86,5.836977374711006,66.60960339910122,27.55341922618778
87,5.448178626731979,66.33230611308923,28.21951526017879
88,5.086788374304803,66.03037330438552,28.882838321309684
89,4.750905839029048,65.70595210661742,29.543142054353538
90,4.438743047506756,65.36105537707353,30.20020157541971
91,4.148622117374067,64.99756575343548,30.853812129190448
92,3.8789717785138897,64.6172404347613,31.503787786724804
93,3.628323326462004,64.22171648246558,32.14996019107242
94,3.395306174483245,63.81251646961969,32.792177355897074
95,3.1786431433046314,63.3910543361021,33.43030252059327
96,2.977145603092329,62.958641332953384,34.06421306395429
97,2.78970856087126,62.51649196184492,34.693799477283825
98,2.615305768049662,62.06572983504807,35.318964396902274
99,2.4529849068138487,61.6073933979334,35.939621695252754
100,2.301862900660575,61.14244147010734,36.55569562923209
101,2.161121382984724,60.67175857308212,37.16712004393317
102,2.0300023481891496,60.19616002214688,37.77383762966399
103,1.9078040019922216,59.71639676812234,38.37579922988546
104,1.7938768212534424,59.23315998117989,38.972963197566685
105,1.6876198285136068,58.747085374107925,39.565294797378485
106,1.5884770823688807,58.25875726651157,40.152765651119566
107,1.4959343816037356,57.7687123946116,40.735353223784685
108,1.4095161785516583,57.27744347371756,41.3130403477308
109,1.3287826953093753,56.78540252222267,41.885814782467975
110,1.2533272350916684,56.29300395721815,42.4536688076902
111,1.182773680086964,55.80062747265067,43.01659884726238
112,1.116774166579975,55.30862071143115,43.57460512198889
113,1.0550069277802785,54.81730174311654,44.1276913291032
114,0.9971742946790686,54.32696135878658,44.67586434653437
115,0.9430008453040636,53.83786519457372,45.219133960122235
116,0.8922316929162144,53.35025569501583,45.75751261206797
117,0.8446309039599376,52.86435392702195,46.29101516901813
118,0.799980036915299,52.38036125479637,46.81965870828835
119,0.7580767935850502,51.89846088557865,47.343462320836316
120,0.7187337747649115,51.418819295543,47.862446929692105
121,0.681777332678671,50.941587544673816,48.376635122647535
122,0.6470465130000463,50.4669024889057,48.88605099809428
123,0.6143920797226865,49.99488789729401,49.39072002298333
124,0.5836756165719654,49.52565548147179,49.89066890195627
125,0.5547686990726867,49.05930584415635,50.385925456770984
126,0.527552131792115,48.595929352995356,50.876518515212545
127,0.5019152456655233,48.135606945591995,51.3624778087425
128,0.47775525068016733,47.678410871121436,51.84383387819842
129,0.4549766395424027,47.22440537354799,52.32061798690963
130,0.43349063828115764,46.77364732107375,52.79286204064511
131,0.4132147000492076,46.326186786094965,53.26059851385585
132,0.3940720386719678,45.88206757961125,53.7238603817168
133,0.3759911987623854,45.44132774372472,54.18268105751291
134,0.35890565947066794,45.004000005579194,54.637094334950156
135,0.3427534691698476,44.57011219582422,55.08713433500595
136,0.32747690859343953,44.13968763444239,55.53283545696419
137,0.31302218014063227,43.71274548655077,55.97423233330862
138,0.29933912124849954,43.289301090577396,56.41135978817413
139,0.2863809399005844,42.869366261019536,56.844252799079904
140,0.2741039704978112,42.45294956781211,57.2729464616901
141,0.2624674484619306,42.04005659416987,57.69747595736822
142,0.2514333020744637,41.63069017461564,58.11787652330992
143,0.24096596017622116,41.224850614767725,58.53418342505607
144,0.23103217446471236,40.82253589433156,58.94643193120375
145,0.22160085522988116,40.423741854623074,59.35465729014706
146,0.21264291946330474,40.028462371843425,59.75889470869329
147,0.20413115036292892,39.63668951722536,60.159179332411725
148,0.19604006733519946,39.248413705080836,60.55554622758398
149,0.18834580566965567,38.86362382969557,60.94803036463479
150,0.18102600512820924,38.48230739194006,61.33666660293174
151,0.1740597067529306,38.104450616395944,61.72148967685114
152,0.1674272572526592,37.73003855973225,62.1025341830151
153,0.16111022038056616,37.35905521100702,62.479834568612425
154,0.1550912947623111,36.9914835845152,62.8534251207225
155,0.14935423767800984,36.627305805754354,63.22333995656765
156,0.14388379434119206,36.26650319103363,63.58961301462519
157,0.13866563225457917,35.9090563212099,63.95227804653553
158,0.1336862802561333,35.554945109996254,64.31136860974763
159,0.1289330718996669,35.204148867252755,64.66691806084759
160,0.12439409284259884,34.856646357637295,65.01895954952012
161,0.12005813193940526,34.51241585496412,65.3675260130965
162,0.11591463576314236,34.171435192590735,65.71265017164613
163,0.11195366629928938,33.83368181012868,66.05436452357203
164,0.10816586157624189,33.49913279675044,66.39270134167332
165,0.10454239901522444,33.16776493134395,66.72769266964082
166,0.1010749612993287,32.83955471974641,67.05937031895425
167,0.09775570457694314,32.51447842927133,67.38776586615171
168,0.09457722882913791,32.19251212072642,67.71291065044443
169,0.09153255024371118,31.87363167810458,68.03483577165169
170,0.08861507545068553,31.55781283611656,68.35357208843273
171,0.08581857748515445,31.245031205720924,68.6691502167939
172,0.08313717335360021,30.93526229779527,68.9816005288511
173,0.08056530308920931,30.62848154508171,69.29095315182906
174,0.07809771019036756,30.32466432252973,69.59723796727988
175,0.07572942334448644,30.023785966150317,69.90048461050517
176,0.0734557393466516,29.72582179048665,70.20072247016668
177,0.0712722071293446,29.43074710479909,70.49798068807155
178,0.06917461282571999,29.138537228054723,70.79228815911954
179,0.06715896579466148,28.849167502805233,71.08367353140008
180,0.06522148554113612,28.562613308030706,71.37216520642814
181,0.06335858947024933,28.278850071021285,71.65779133950845
182,0.06156688141790877,27.99785327836341,71.94057984021866
183,0.05984314090516375,27.719598486092522,72.22055837300229
184,0.05818431306712595,27.444061329069633,72.49775435786322
185,0.05658749921092196,27.17121752963514,72.77219497115391
186,0.055049947960403946,26.901042905589307,73.04390714645027
187,0.05356904694837066,26.633513377545444,73.31291757550616
188,0.05214231501984887,26.368604975698513,73.57925270928162
189,0.05076739491257204,26.106293846048803,73.8429387590386
190,0.04944204638318603,25.8465562561177,74.10400169749909
191,0.04816413974992543,25.589368600189786,74.36246726006026
192,0.046931649824553535,25.33470740411326,74.61836094606215
193,0.045742650208256165,25.082549329688423,74.87170802010328
194,0.044595307927936895,24.83287117867186,75.12253351340017
195,0.043487878390989235,24.585649896422087,75.37086222518688
196,0.04241870063813019,24.340862575210725,75.6167187241511
197,0.04138619287527846,24.09848645722147,75.86012734990321
198,0.04038884826675761,23.858498937257774,76.10111221447542
199,0.039425230973308106,23.620877565178645,76.339697203848
200,0.03849397241950871,23.385600048080658,76.5759059794998
201,0.03759376777624423,23.152644252243114,76.8097619799806
202,0.0367233726448194,22.921988204852106,77.04128842250304
203,0.03588159993021246,22.693610095518192,77.27050830455157
204,0.03506731689179285,22.46748827760143,77.49744440550676
205,0.03427944236059956,22.24360126935661,77.72211928828277
206,0.03351694411299449,22.02192775491065,77.94455530097633
207,0.032778836391172746,21.802446585083366,78.16477457852544
208,0.03206417756163302,21.585136778062072,78.38279904437627
209,0.0313720679032891,21.369977519939795,78.59865041215689
210,0.03070164751744179,21.156948165126245,78.81235018735629
211,0.030052094352331297,20.946028236640093,79.02391966900755
212,0.029422622335457196,20.737197426290567,79.23337995137396
213,0.028812479607287635,20.53043559475583,79.44075192563687
214,0.028220946850385,20.325722771565175,79.64605628158444
215,0.027647335708352996,20.123039154991556,79.84931350930009
216,0.02709098728936261,19.922365111860632,80.05054390085
217,0.026551270749343152,19.723681177282046,80.2497675519686
218,0.026027581950231412,19.526968054308337,80.44700436374143
219,0.025519342188958353,19.332206613526527,80.6422740442845
220,0.025025996993120126,19.1393778925871,80.83559611041977
221,0.02454701497953005,18.948463095674818,81.02698988934564
222,0.024081886772081448,18.759443592925518,81.21647452030238
223,0.023630123975569368,18.572300919792774,81.40406895623164
224,0.023191258202323085,18.387016776368093,81.58979196542957
225,0.022764840148691887,18.20357302665804,81.77366213319326
226,0.022350438718604974,18.02195169782155,81.95569786345983
227,0.021947640191593155,17.842134979370346,82.13591738043804
228,0.021556047432816097,17.66410522233542,82.31433873023175
229,0.02117527914278518,17.487844938402095,82.49097978245511
230,0.020804969144608776,17.313336799016252,82.66585823183914
231,0.020444765706715023,17.140563634463984,82.8389915998293
232,0.020094330899127367,16.969508432926933,83.01039723617394
233,0.019753339981480603,16.80015433951531,83.1800923205032
234,0.01942148082107081,16.632484655280567,83.34809386389836
235,0.019098453339331523,16.4664828362095,83.51441871045117
236,0.01878396898522127,16.302132492201515,83.67908353881326
237,0.01847775023409479,16.139417386030626,83.84210486373527
238,0.018179530110711908,15.978321432293702,84.00349903759557
239,0.017889051735114892,15.818828696346364,84.16328225191852
240,0.017606067890177032,15.660923393227838,84.32147053888198
241,0.017330340609693,15.504589886576044,84.47807977281425
242,0.017061640785945038,15.349812687534031,84.63312567168002
243,0.01679974779573879,15.196576453648898,84.78662379855535
244,0.016544449143958827,15.04486598776419,84.93858956309184
245,0.016295540123746587,14.894666236906762,85.08903822296948
246,0.01605282349245326,14.745962291168986,85.23798488533855
247,0.015816109162566754,14.598739382587183,85.38544450825025
248,0.015585213906855893,14.452982884017022,85.53143190207612
249,0.015359961077016362,14.30867830800669,85.6759617309163
250,0.015140180335141832,14.165811305668498,85.81904851399636
251,0.01492570739738042,14.024367665549574,85.96070662705304
252,0.014716383789171143,13.884333312502287,86.10095030370854
253,0.014512056611487585,13.745694306554947,86.23979363683357
254,0.014312578317546657,13.60843684178334,86.37725057989911
255,0.014117806499469246,13.472547245183582,86.51333494831694
256,0.013927603684406787,13.33801197554681,86.64806042076877
257,0.013741837139673498,13.204817622336074,86.78144054052424
258,0.013560378686448266,13.07295090456594,86.91348871674761
259,0.013383104521633006,12.942398669685096,87.04421822579327
260,0.013209895047475967,12.813147892462402,87.17364221249012
261,0.01304063470858875,12.685185673876665,87.30177369141475
262,0.012875211836005101,12.558499240010482,87.42862554815352
263,0.012713518497947657,12.433075940948434,87.55421054055363
264,0.012555450356986022,12.308903249679911,87.67854129996311
265,0.012400906533285721,12.185968761006812,87.80163033245991
266,0.012249789473662936,12.064260190456366,87.92349002006998
267,0.012102004826174352,11.943765373199291,88.04413262197454
268,0.0119574613199852,11.824472262973487,88.16357027570653
269,0.011816070650271458,11.706368931013465,88.28181499833627
270,0.011677747367924459,11.589443564985677,88.3988786876464
271,0.011542408773837737,11.473684467929907,88.51477312329627
272,0.011409974817566858,11.35908005720688,88.62950996797557
273,0.011280368000163401,11.245618863452213,88.74310076854763
274,0.01115351328099408,11.13328952953686,88.85555695718216
275,0.011029337988365239,11.02208080953412,88.96688985247752
276,0.010907771733781811,10.911981567693363,89.07711066057286
277,0.010788746329678177,10.802980777420533,89.18623047624979
278,0.010672195710466199,10.695067520265539,89.29426028402399
279,0.010558055856753274,10.588230984916597,89.40121095922665
280,0.01044626472259032,10.482460466201594,89.50709326907581
281,0.010336762165616289,10.377745364096553,89.61191787373782
282,0.010229489879972296,10.274075182741232,89.71569532737878
283,0.01012439133186437,10.171439529461926,89.8184360792062
284,0.010021411697659702,10.069828113801512,89.92015047450082
285,0.009920497804406628,9.96923074655675,90.02084875563882
286,0.00982159807267379,9.869637338822915,90.1205410631044
287,0.009724662461608817,9.771037901045752,90.21923743649263
288,0.009629642416121562,9.67342254208078,90.31694781550308
289,0.009536490816101273,9.576781468259993,90.41368204092389
290,0.009445161927581403,9.481104982465913,90.50944985560649
291,0.009355611355769613,9.386383483213066,90.60426090543115
292,0.009267795999864457,9.292607463736841,90.69812474026328
293,0.009181674009583727,9.199767511089753,90.79105081490064
294,0.009097204743332941,9.107854305245105,90.88304849001155
295,0.009014348727945681,9.01685861820804,90.974127033064
296,0.008933067619930572,8.926771313133974,91.06429561924607
297,0.00885332416816269,8.837583343454403,91.1535633323774
298,0.008775082177959933,8.749285752010062,91.24193916581194
299,0.008698306476487592,8.661869670191434,91.32943202333205
